00E529A55E36D1875A9C7E938CE1F086535322FCBD8C53C9CFFF60CD02A5D252,0,0,0,1,2,483,1649096390991,3
00D50A44E3B06E8C863817943BD0BCF02C79AB16D3A8F69959C1B6F388CD26B0,1,0,00E529A55E36D1875A9C7E938CE1F086535322FCBD8C53C9CFFF60CD02A5D252,1,2,166,1649096391059,2
00695043397CA8E5A01945CAB66812C95B452E66E66F08FCE4450C2877AE8360,2,0,00D50A44E3B06E8C863817943BD0BCF02C79AB16D3A8F69959C1B6F388CD26B0,1,2,218,1649096400778,3
00CC00D9B0B338492FBF150672BBC3EC1431A4C22BE008CA81EB8558526C4EB1,3,0,00695043397CA8E5A01945CAB66812C95B452E66E66F08FCE4450C2877AE8360,1,2,10,1649096400796,2
00639388E281963ED399F91579B7735A76B3AC747AFB7F8542941190C7F9E22B,4,0,00CC00D9B0B338492FBF150672BBC3EC1431A4C22BE008CA81EB8558526C4EB1,1,2,58,1649096406257,3
009425F52E14C9EF14B9AC9D9B9B31F204B8B5B0BCC5B17FD79BB314314DBA0E,5,0,00639388E281963ED399F91579B7735A76B3AC747AFB7F8542941190C7F9E22B,1,2,80,1649096406266,2
00EDBC346D700A89216A351DEBF49C8134F4C19229BB52BACA1A344767732BA6,6,0,009425F52E14C9EF14B9AC9D9B9B31F204B8B5B0BCC5B17FD79BB314314DBA0E,1,2,235,1649096411059,3
0020EB897A8419FC327A37B32249E92E16D4D5870715F7DD05D1453FB063EF29,7,0,00EDBC346D700A89216A351DEBF49C8134F4C19229BB52BACA1A344767732BA6,1,2,331,1649096411078,2
00EE059F8A0A67639838FD12E9EFB01D001E88BD355559318B29D2A0B4B9985E,8,0,0020EB897A8419FC327A37B32249E92E16D4D5870715F7DD05D1453FB063EF29,1,2,472,1649096412443,3
00AFAC634D5CEFBD139EB3F70222A938068E6257E3388C97911C713808280C7A,9,0,00EE059F8A0A67639838FD12E9EFB01D001E88BD355559318B29D2A0B4B9985E,1,2,19,1649096412474,2
00C37220DDB26B60BE19DCBD76CE3CB0220BF0B97D99509120DA50C045240367,10,0,00AFAC634D5CEFBD139EB3F70222A938068E6257E3388C97911C713808280C7A,1,2,144,1649096413369,3
00B67F1544BF0D74496D1751584F3B72921A86D61CEE67F5D8A40E3E2F91A99F,11,0,00C37220DDB26B60BE19DCBD76CE3CB0220BF0B97D99509120DA50C045240367,1,2,1,1649096413381,2
0042735C095296E0C70E6D45957360C66ECB130D75DD82795A922B2EA435FF16,12,0,00B67F1544BF0D74496D1751584F3B72921A86D61CEE67F5D8A40E3E2F91A99F,1,2,144,1649096414102,3
008548802EAEEC8E2BD3E9A2D32EAF9592D1082158214FA0BCCCE3CC2CD2BD2A,13,0,0042735C095296E0C70E6D45957360C66ECB130D75DD82795A922B2EA435FF16,1,2,642,1649096414113,2
00043DC82CF8B534143225FBBE2F516E988F520993A0EA6118B703110F11808D,14,0,008548802EAEEC8E2BD3E9A2D32EAF9592D1082158214FA0BCCCE3CC2CD2BD2A,1,2,949,1649096414881,3
0045B7FED4019C057132D1FD542F7FAD4621D21B1446356D4FAF75A98FD0A9DC,13,0,00043DC82CF8B534143225FBBE2F516E988F520993A0EA6118B703110F11808D,1,2,1,1649096414928,2
007A632B0D7B9668C577DA3A6072E84667F3FE4A5F988DDE84595B39CEF51F65,16,0,0045B7FED4019C057132D1FD542F7FAD4621D21B1446356D4FAF75A98FD0A9DC,1,2,76,1649096415700,3
001A3A65D9205500DAC06D028EB5D7ECDBEB770B9979A856278FB1248918F2F3,17,0,007A632B0D7B9668C577DA3A6072E84667F3FE4A5F988DDE84595B39CEF51F65,1,2,29,1649096415706,2
00E30B64E0075109EB3F2CC9CCF98BCD04E5A41BB22EF5162FE3AB1222700A36,18,0,001A3A65D9205500DAC06D028EB5D7ECDBEB770B9979A856278FB1248918F2F3,1,2,266,1649096416613,3
003FBAE80E7B4B95A4AA27E740C55830E61D3053A83B7EC43E2E14401449CADE,19,0,00E30B64E0075109EB3F2CC9CCF98BCD04E5A41BB22EF5162FE3AB1222700A36,1,2,149,1649096416632,2
003E81F705537E4EB40DC98C5A2AD9E48991D67730F6FD593094C40D184330AA,20,0,003FBAE80E7B4B95A4AA27E740C55830E61D3053A83B7EC43E2E14401449CADE,1,2,231,1649096417679,3
00AECA42C40220D27B9D6F78D302D9B4D03DED97F6C9F982064ABA73641592C0,21,0,003E81F705537E4EB40DC98C5A2AD9E48991D67730F6FD593094C40D184330AA,1,2,188,1649096417701,2
000DF991B8DDA0F8B611AE45D4D853ED596F65EC23921FFAD895BB05A50FF19A,22,0,00AECA42C40220D27B9D6F78D302D9B4D03DED97F6C9F982064ABA73641592C0,1,2,22,1649096418589,3
005B6461633F3B4389E275B17CF047501B0EBCB8A79911E03E08D2FC67626131,23,0,000DF991B8DDA0F8B611AE45D4D853ED596F65EC23921FFAD895BB05A50FF19A,1,2,120,1649096418593,2
00DA852F3312545112F41D16CFEBFC3C6507D49EA4F10AFFF80804CAB8534235,24,0,005B6461633F3B4389E275B17CF047501B0EBCB8A79911E03E08D2FC67626131,1,2,113,1649096419430,3
00CDB17F01FBC991B00AE41FE44148CD2DA5C7AD18C848CABCADD14077809FEF,25,0,00DA852F3312545112F41D16CFEBFC3C6507D49EA4F10AFFF80804CAB8534235,1,2,623,1649096419439,2
00EC8C9A5A6106C13173ACBE3DF750B92EADE3BF93050B9CBDF71ED9E58060D1,26,0,00CDB17F01FBC991B00AE41FE44148CD2DA5C7AD18C848CABCADD14077809FEF,1,2,389,1649096420615,3
0084F5CFA0940D1C01525AF9674A26FAD4D93D692F9BFBFF2ED7114CF1516484,27,0,00EC8C9A5A6106C13173ACBE3DF750B92EADE3BF93050B9CBDF71ED9E58060D1,1,2,659,1649096420643,2
0065EC534532FA1C5F6D6DD9F15C569CAE538A02EE32A1973392A20F1F0F6076,28,0,0084F5CFA0940D1C01525AF9674A26FAD4D93D692F9BFBFF2ED7114CF1516484,1,2,62,1649096421697,3
004F7BD0DFEC6A1B97F6CF7DFE3F35B6933F6EBD21923F64198AB78DE339685A,29,0,0065EC534532FA1C5F6D6DD9F15C569CAE538A02EE32A1973392A20F1F0F6076,1,2,754,1649096421701,2
0027433E0ABE6041A007F937256FF26E1F57FF113E2DC6A947BF9AF9CE56BA8D,30,0,004F7BD0DFEC6A1B97F6CF7DFE3F35B6933F6EBD21923F64198AB78DE339685A,1,2,55,1649096422776,3
00F8B99128FAE900667D5B422ACCDB32712559D3C5E3F6ACAF91EFDD0A302082,31,0,0027433E0ABE6041A007F937256FF26E1F57FF113E2DC6A947BF9AF9CE56BA8D,1,2,18,1649096422781,2
00E366A5D6F0E409D9A9404787DA274EE655830300605D71F8E64A0825495B9D,32,0,00F8B99128FAE900667D5B422ACCDB32712559D3C5E3F6ACAF91EFDD0A302082,1,2,144,1649096424076,3
00AEEBA01F8E615AE505200C04F4B851ADFA1F3FF68641E79D174D6A2BB52937,33,0,00E366A5D6F0E409D9A9404787DA274EE655830300605D71F8E64A0825495B9D,1,2,80,1649096424089,2
00B953A8CA680AF16ECA6E62B3D589CC4D9753503B634A87D488CA018F55C060,34,0,00AEEBA01F8E615AE505200C04F4B851ADFA1F3FF68641E79D174D6A2BB52937,1,2,760,1649096425457,3
00A113FCBFA3F247B3361B4A3800F95ED2C8CB68F08B0F591ABA19C51487C614,35,0,00B953A8CA680AF16ECA6E62B3D589CC4D9753503B634A87D488CA018F55C060,1,2,220,1649096425495,2
00636F0DF3CFBEBBE23F212EE38AFEEBD784908A38719F5013920353AC501D76,36,0,00A113FCBFA3F247B3361B4A3800F95ED2C8CB68F08B0F591ABA19C51487C614,1,2,320,1649096426560,3
002829AF34AF05C9B8B667F0127DEF7A62A0EFEBC87B4BA28D8DEFEACE5320C1,37,0,00636F0DF3CFBEBBE23F212EE38AFEEBD784908A38719F5013920353AC501D76,1,2,219,1649096426582,2
00834ABA6877E1FEF351BFA8F08B4544AAFF1C0870036AD03852651CBBEC85F9,38,0,002829AF34AF05C9B8B667F0127DEF7A62A0EFEBC87B4BA28D8DEFEACE5320C1,1,2,573,1649096579390,3
00048F3EB9F6D3443EF59CC890299ACBCA4E73F5AE72997584F89E182B24E5CF,39,0,00834ABA6877E1FEF351BFA8F08B4544AAFF1C0870036AD03852651CBBEC85F9,1,2,174,1649096579425,2
00F6001F308E110B9251164C1420BE0810F3BE7BFB196EED31172087267AFCE1,40,0,00048F3EB9F6D3443EF59CC890299ACBCA4E73F5AE72997584F89E182B24E5CF,1,2,52,1649096591450,3
00205E9916F911C0B3FCB04942724FDBD1DE1BB5376206D49140A615702592DF,41,0,00F6001F308E110B9251164C1420BE0810F3BE7BFB196EED31172087267AFCE1,1,2,4,1649096591459,2
00B8739AB8E0F55FF8B7CCB3CE7976A5B02DC5DE68416DD142425CF6ED1D0BC0,42,0,00205E9916F911C0B3FCB04942724FDBD1DE1BB5376206D49140A615702592DF,1,2,287,1649096701544,3
0064AEC7A42C24026486A77F6E211BFD6366D4638184697F26848BECD4B85EF7,43,0,00B8739AB8E0F55FF8B7CCB3CE7976A5B02DC5DE68416DD142425CF6ED1D0BC0,1,2,1910,1649096701561,2
002C1180F2208C2C38D0F6C8F8F159F8279D1F2CB2ACC33C32A9885A73483E00,44,0,0064AEC7A42C24026486A77F6E211BFD6366D4638184697F26848BECD4B85EF7,1,2,662,1649096757589,3
004DF22E7FBCB1E10404DDF96B703DA13C17D356B98BB68ACFBB0195BF172820,45,0,002C1180F2208C2C38D0F6C8F8F159F8279D1F2CB2ACC33C32A9885A73483E00,1,2,485,1649096757621,2
00C5CAA213644C8F78C561789BEAADF4F3C978BB3B363035415B124520C60969,46,0,004DF22E7FBCB1E10404DDF96B703DA13C17D356B98BB68ACFBB0195BF172820,1,2,669,1649096816336,3
0008CF483898D17DEBA96F557689C8502FFF4960DDE80CE08FBA38959F794128,47,0,00C5CAA213644C8F78C561789BEAADF4F3C978BB3B363035415B124520C60969,1,2,10,1649096816386,2
